216949703238
36030797734
421328241319
764556853840
216780882604
492246188548
766722228928
355429302893
425137324660
902416679477
627772211801
699814036154
149320417812
561351279319
906022077180
1039585428002
767443256049
989995486073
697179947546
353347879673
36448613190
490552214199
902432932412
490803151571
287027610233
35430407165
1043058836173
81590731264
355596288619
215741481722
214802809549
36450989607
904528839316
284628927217
946155530621
835810542250
8995062525
765530849916
146249138893
2723359170
1385048002
36404278938
285065593572
37368974253
77463077617
78084817609
423393411586
627805831768
36598636320
37099092437
422302499523
421229609614
38069564088
973384499902
627218891377
34725762521
77798621925
